#
# ... end of Table 102
#
#
$104,208,025,2012,04,03
# Table 104 (Gas and Oil Boilers) follows ...
#
010641,000001,2011/Sep/06 13:11,Alpha Therm,Alpha,CD32C,,,2003,,2,2,1,2,0,,,2,2,2,32,32,,89.8,90.7,80.6,62.9,92.0,2,1,,104,1,2,140,2,0,,,0,0,,,,,0,,,,,,,,,,,,
000653,000005,2010/Sep/13 17:03,Potterton International Heating,Potterton International Heating,Lynx,electronic,4759002,,1972,1,0,0,2,0,,,1,2,1,23.45,23.45,,65.0,66.0,57.0,44.5,65,3,,,0,2,0,,,0,,0,,0,,,,,0,,,,,,,,,,,,
000607,000005,2010/Sep/13 17:03,Potterton International Heating,Potterton International Heating,Fireside,fs44lbe,4159507,,1972,1,0,0,1,0,,,1,1,1,,,,65.0,66.0,56.0,37.7,65,3,,,0,0,0,,,0,,0,,0,,,,,0,,,,,,,,,,,,
008332,000005,2010/Sep/13 17:03,Potterton International Heating,Potterton International Heating,FRS 52,,41 595 60,,1972,1,0,0,1,0,,,1,2,1,,,,65.0,66.0,56.0,37.7,65,3,,,0,0,0,,,0,,0,0,0,,,,,0,,,,,,,,,,,,
000601,000005,2010/Sep/13 17:03,Potterton International Heating,Potterton International Heating,Fireside,50,4459002,,1972,1,0,0,1,0,,,1,1,1,,,,65.0,66.0,56.0,37.7,65,3,,,0,0,0,,,0,,0,,0,,,,,0,,,,,,,,,,,,
001546,000005,2010/Sep/13 17:03,Thorn EMI Heating,Thorn EMI Heating,International,40deluxe,4441101,,1972,1,0,0,1,0,,,1,1,1,,,,65.0,66.0,56.0,37.7,65,3,,,0,0,0,,,0,,0,,0,,,,,0,,,,,,,,,,,,
000581,000005,2010/Sep/13 17:03,Potterton International Heating,Potterton International Heating,C40,c40/12,4159502,,1972,1,0,0,1,0,,,1,1,1,11.1,11.1,,55.0,56.0,46.0,30.9,55,3,,,0,2,0,,,0,,0,,0,,,,,0,,,,,,,,,,,,
000598,000005,2010/Sep/13 17:03,Potterton Myson,Potterton Myson,C95,c95/28,4159567,,1972,1,0,0,1,0,,,1,1,1,26.7,26.7,,55.0,56.0,46.0,30.9,55,3,,,0,2,0,,,0,,0,,0,,,,,0,,,,,,,,,,,,
000599,000005,2010/Sep/13 17:03,Potterton International Heating,Potterton International Heating,C95,c95/28,4159506,,1972,1,0,0,1,0,,,1,1,1,26.7,26.7,,55.0,56.0,46.0,30.9,55,3,,,0,2,0,,,0,,0,,0,,,,,0,,,,,,,,,,,,
000678,000005,2010/Sep/13 17:03,Potterton Myson,Potterton Myson,Rs70/21,rs70/21,4159531,,1973,1,0,0,1,0,,,1,2,1,19.3,19.3,,55.0,56.0,46.0,30.9,55,3,,,0,2,0,,,0,,0,,0,,,,,0,,,,,,,,,,,,
000579,000005,2010/Sep/13 17:03,Potterton Myson,Potterton Myson,FRS 52,,41 595 96,,1974,1,0,0,1,0,,,1,2,1,,,,65.0,66.0,56.0,37.7,65,3,,,0,0,0,,,0,,0,0,0,,,,,0,,,,,,,,,,,,
001399,000207,2010/Sep/13 17:03,Glow-worm,Glow-worm,Suburban,Suburban,4431504,,1974,1,0,0,1,0,,,1,1,1,,,,65.0,66.0,56.0,37.7,65,3,,,0,2,0,,,0,,0,,0,,,,,0,,,,,,,,,,,,
001470,000007,2010/Sep/13 17:03,Maxol,Maxol,Marathon,e,4420202,,1975,1,0,0,1,0,,,1,1,1,,,,65.0,66.0,56.0,37.7,65,3,,,0,0,0,,,0,,0,,0,,,,,0,,,,,,,,,,,,
001473,000007,2010/Sep/13 17:03,Maxol,Maxol,Marathon,r,4420205,,1975,1,0,0,1,0,,,1,1,1,,,,65.0,66.0,56.0,37.7,65,3,,,0,0,0,,,0,,0,,0,,,,,0,,,,,,,,,,,,
#
# ... end of Table 104
#
#
$121,223,009,2008,10,08
# Table 121 (Solid Fuel Boilers) as follows ...
#
700006,000066,2008/Jan/29 10:54,Aga,Aga,Much Wenlock,,,2007,current,12,2,1,1,1,4.5,4.5,,,,2,9.1,4.5,1.8,,,,0,1,0,0,
700005,000066,2007/Dec/20 08:48,Aga,Aga,Much Wenlock,,,2007,current,20,2,1,1,1,4.7,4.7,,,,2,9.7,4.7,2.3,,,,0,1,0,0,
#
# ... end of Table 121
#
#
$131,232,020,2012,03,27
# Table 131 (Twin Burner Cooker Boilers) as follows ...
#
800008,000066,2007/Jan/31 11:53,Aga,Rayburn,480 CD,,,2006,current,1,1,2,2,1,23.5,23.5,.27,23.33,,88.9,89.9,79.2,,90.0,2,,102,1,2,60,0
800043,000252,2010/Jul/12 15:46,Gazco,Redfyre,Central Heating 80,Gas,Null,2006,current,1,1,1,1,2,23.4,23.4,0.8,23.4,,77.6,78.5,68.4,,77.6,2,,101,1,1,805,200
800042,000252,2010/Jul/12 15:46,Gazco,Redfyre,Central Heating 100,Gas,Null,2006,current,1,1,1,1,2,29.3,29.3,1.0,29.3,,77.2,78.1,68,,77.2,2,,101,1,1,805,200
800044,000252,2010/Jul/12 15:46,Gazco,Redfyre,Central Heating 60,Gas,Null,2006,current,1,1,1,1,2,17.6,17.6,0.5,17.6,,76.7,77.6,67.5,,76.7,2,,101,1,1,805,200
800004,000064,2007/Jan/31 11:56,Waterford Stanley,Stanley,Brandon,80K,,1995,current,1,1,1,1,2,23.4,23.4,1,22.234,,75.2,76.1,66,,75.2,2,,101,1,1,70,0
800041,000252,2010/Jul/12 15:46,Gazco,Redfyre,Central Heating 120,Gas,Null,2006,current,1,1,1,1,2,35.2,35.2,1.0,35.2,,75.2,76.1,66,,75.2,2,,101,1,1,805,200
800035,000066,2010/May/18 12:53,Aga,Stanley,Brandon OCD,,,2010,current,4,1,2,2,2,23.45,23.45,0,23.45,,90,91.1,79.4,,92.2,2,,201,2,1,75,0
800034,000066,2010/May/18 12:53,Aga,Rayburn,680 KCD,,,2010,current,4,1,2,2,2,23.45,23.45,0,23.45,,90,91.1,79.4,,92.2,2,,201,1,1,75,0
800013,000066,2007/Jan/31 09:56,Aga,Rayburn,880K (M),,,2006,current,4,1,1,1,2,24.3,24.3,1,24.1,,85.6,86.7,75,,85.7,2,,201,1,1,170,0
800040,000252,2010/Jul/12 15:46,Gazco,Redfyre,Central Heating 80,Oil,Null,2006,current,4,1,1,1,2,21.9,21.9,0.8,21.9,,85.6,86.7,75,,85.7,2,,201,1,1,805,200
800037,000252,2010/May/27 15:43,Gazco,Redfyre,Cetnral Heating 60,Oil,,2006,current,4,1,1,1,1,17.6,17.6,0.5,17.6,,85.6,86.7,75,,85.7,2,,201,1,1,805,200
800024,000064,2007/Nov/20 08:58,Waterford Stanley,Stanley,Alpha,120 K,,2006,current,4,1,1,1,2,37,37,1,38,,85.2,86.3,74.6,,85.6,2,,201,1,1,170,0
800012,000066,2007/Jan/31 09:56,Aga,Rayburn,8120K (M),,,2006,current,4,1,1,1,2,37,37,1,35.9,,85.2,86.3,74.6,,85.6,2,,201,1,1,170,0
800039,000252,2010/Jul/12 15:46,Gazco,Redfyre,Central Heating 100,Oil,Null,2006,current,4,1,1,1,2,29.3,29.3,1.0,29.3,,84.5,85.6,73.9,,85.4,2,,201,1,1,805,200
800023,000064,2007/Oct/17 12:44,Waterford Stanley,Stanley,Alpha,150 K,,2006,current,4,1,1,1,2,43.8,43.8,1,44.8,,84.4,85.5,73.8,,85.3,2,,201,1,1,170,0
800011,000066,2007/Jan/31 09:56,Aga,Rayburn,8150K (M),,,2006,current,4,1,1,1,2,43.8,43.8,1,44.9,,84.3,85.4,73.7,,85.3,2,,201,1,1,170,0
800016,000066,2007/Jun/22 09:57,Aga,Rayburn,480K,,,1998,current,4,1,1,2,2,23.8,23.8,.170,23.77,,84,85.1,73.4,,85.0,2,,201,1,1,130,0
800029,000066,2009/Oct/29 14:59,Aga,Rayburn,660K,,,2009,current,4,1,1,1,2,17.5,17.5,0.59,17.5,,84.2,85.3,73.6,,85.0,2,,201,1,1,75,0
800021,000066,2007/Jun/22 10:00,Aga,Rayburn,480 KB,,,1998,current,4,1,1,2,2,23.8,23.8,.170,23.77,,84,85.1,73.4,,85.0,2,,201,1,1,130,0
800031,000066,2009/Oct/29 14:59,Aga,Rayburn,680K,,,2009,current,4,1,1,1,2,23.5,23.5,0.82,23.5,,84,85.1,73.4,,84.9,2,,201,1,2,75,0
800019,000066,2007/Jun/22 09:59,Aga,Rayburn,460 KB,,,1998,current,4,1,1,2,2,17.6,17.6,0.156,17.58,,83.7,84.8,73.1,,84.8,2,,201,1,1,130,0
800015,000066,2007/Jul/09 17:08,Aga,Rayburn,460K,,,1998,current,4,1,1,1,2,17.6,17.6,0.156,17.58,,83.7,84.8,73.1,,84.8,2,,201,1,1,130,0
800038,000252,2010/Jul/12 15:46,Gazco,Redfyre,Central Heating 120,Oil,Null,2006,current,4,1,1,1,2,35.2,35.2,1.00,35.2,,83.6,84.7,73,,84.7,2,,201,1,1,805,200
800018,000066,2007/Oct/18 15:28,Aga,Rayburn,499K,,,1998,current,4,1,1,2,2,29.1,29.1,.198,29.073,,83.5,84.6,72.9,,84.6,2,,201,1,1,130,0
800022,000066,2007/Jun/22 10:00,Aga,Rayburn,499 KB,,,1998,current,4,1,1,2,2,29.1,29.1,.198,29.073,,83.5,84.6,72.9,,84.6,2,,201,1,1,130,0
800032,000066,2009/Oct/29 14:59,Aga,Rayburn,699K,,,2009,current,4,1,1,1,2,29.3,29.3,0.87,29.3,,83.3,84.4,72.7,,84.4,2,,201,1,1,75,0
800007,000064,2007/Jan/31 11:59,Waterford Stanley,Stanley,Brandon,80k,,1995,current,4,1,1,1,2,23.5,23.5,0.39,24.20,,83.1,84.2,72.5,,84.2,2,,201,1,1,70,0
800028,000242,2008/Sep/18 14:18,Esse,Esse,Oil Century,O-60,,2000,current,4,1,1,1,2,17.5,17.5,0.62,17.5,,82.5,83.6,71.9,,83.6,2,,201,1,1,,
800027,000242,2008/Sep/18 14:17,Esse,Esse,Oil Century,O-80,,2000,current,4,1,1,1,2,23.4,23.4,0.63,23.4,,82.3,83.4,71.7,,83.4,2,,201,1,1,,
800005,000064,2007/Jan/31 11:59,Waterford Stanley,Stanley,Brandon,60k,,2000,current,4,1,1,1,2,17.6,17.6,.185,18.1,,81.2,82.3,70.6,,82.3,2,,201,1,1,70,0
800006,000064,2007/Jan/31 11:59,Waterford Stanley,Stanley,Brandon,100k,,1995,current,4,1,1,1,2,29.3,29.3,0.160,29.65,,80.6,81.7,70,,81.7,2,,201,1,1,70,0
800026,000242,2008/Sep/18 14:17,Esse,Esse,Oil Century,O-106,,2000,current,4,1,1,1,2,29.3,29.3,0.39,29.3,,79.6,80.7,69,,80.7,2,,201,1,1,,
#
# ... end of Table 131
#
#
$141,241,007,2011,09,16
# Table 141 (Micro Cogeneration) as follows ...
#
040001,000005,Baxi,Baxi,Ecogen 24/1.0,,,2009,current,1,,2,2,24,24,,,2,2,2,1,33904,3004,3034,83.9,49.2,-2275,-143,0,0,0,3,12313,3004,0,75,49.2,-2074,-143,0,0,0,6,6156,3004,0,61,49.2,-1665,-143,0,0,0,10,3694,3004,0,53.6,49.2,-1249,-143,0,0,0,2010/Nov/03 13:31
040004,000267,Efficient Home Energy,EHE,Whispergen EU1,,,2010,current,1,,2,2,14,14,,,2,2,2,0.5,27002,2679,16488,80.3,62.1,-2089,-40,0,0,0,1,19958,2679,1786,81.2,62.1,-1638,-40,0,0,0,1.5,14429,2679,68,81.6,62.1,-1221,-40,0,0,0,4,5436,2679,0,73.7,62.1,-330,-40,0,0,0,2011/May/26 09:07
#
# ... end of Table 141
#
#
$142,242,004,2011,11,30
# Table 142 (Micro Cogeneration) as follows ...
#
040001,000005,2010/Sep/08 16:34,5.03,Baxi Heating UK Ltd,Baxi,Ecogen 24/1.0,,2009,current,1,2,2,1,3,,48.3,-0.146,,,24,24,11,2,7,0.5,83.5,-0.048,1,84.4,-0.074,1.5,82.4,-0.105,2,78.6,-0.131,3,71.5,-0.172,6,57.1,-0.214,10,56.5,-0.196
040009,000267,2011/Nov/30 09:55,5.03,Efficient Home Energy,EHE,Whispergen EU1A,,2011,current,1,2,2,1,3,,62.2,-0.066,,,12.5,12.5,11,2,7,0.5,79.9,-0.083,1,82,-0.091,1.5,82.3,-0.087,2,80.8,-0.077,3,76.2,-0.063,6,60.9,-0.067,10,59.1,-0.057
040005,000267,2011/May/26 09:06,5.03,Efficient Home Energy,EHE,Whispergen EU1,,2010,current,1,2,2,1,3,,61.1,-0.045,,,14,14,11,2,7,0.5,80.2,-0.074,1,82,-0.078,1.5,82.3,-0.072,2,80.8,-0.06,3,76.3,-0.043,6,60.3,-0.042,10,57.4,-0.036
#
# ... end of Table 142
#
#
$999
